1
2
2
2
3
2
13
2
14
2
15
2
19
2
25
2
26
2
27
2
31
2
37
2
38
2
39
2
43
2
55
2
61
2
62
2
63
2
64
2
65
2
66
2
67
2
68
2
73
2
74
2
75
2
76
2
77
2
78
2
79
2
80
2
85
2
86
2
87
2
88
2
89
2
90
2
91
2
92
2
97
1
98
1
99
0
100
3
101
2
102
3
103
4
104
2
105
2
111
0
112
2
113
2
114
1
115
4
116
2
120
2
121
3
122
3
123
0
124
1
125
1
126
1
128
2
132
2
133
2
134
3
135
2
136
2
137
3
138
3
139
2
140
2
141
2
144
2
145
2
146
2
147
4
149
2
150
2
151
1
152
2
153
2
154
2
155
1
156
2
157
2
158
1
159
3
160
4
161
0
162
5
163
6
164
8
165
7
229
1
230
3
231
2
233
2
252
2
253
2
254
2
255
2
268
2
269
2
270
6
276
2
280
2
282
1
283
2
284
2
285
2
286
2
287
2
288
2
292
2
294
1
295
2
296
2
297
2
298
2
299
2
300
2
304
2
305
2
306
5
307
2
308
2
309
2
310
2
311
2
312
2
319
2
320
2
321
2
322
2
323
2
324
2
331
2
332
2
333
2
334
2
335
2
336
2
343
2
344
2
345
2
346
2
347
2
348
2
355
2
356
2
357
2
358
2
360
2
370
2
372
2
397
2
398
2
399
2
400
2
401
2
402
2
403
2
416
2
417
2
418
0
428
2
429
2
430
0
452
2
453
2
457
2
458
0
469
2
470
0
477
2
481
2
482
0
484
1
496
3
505
2
506
2
507
2
508
2
509
2
510
2
511
2
512
2
513
4
514
0
515
1
517
2
518
2
519
2
521
2
522
2
523
2
524
2
525
4
527
3
528
4
529
2
530
2
531
2
532
2
533
2
534
2
535
2
542
2
543
2
544
2
545
0
556
2
557
0
634
2
682
2
828
2
711
1
714
4
715
2
722
0
724
4
735
3
738
4
739
2
750
8
751
2
753
2
754
2
755
6
761
8
762
2
767
2
768
6
773
2
780
2
785
2
794
2
792
2
795
0
797
2
809
2
816
2
818
2
819
0
821
2
833
7
834
2
839
2
840
5
846
7
847
2
849
2
850
2
851
5
853
2
854
2
855
2
859
2
860
2
861
2
877
2
878
2
879
2
883
2
884
2
885
2